"cfs.glasses" "cfs.gender" "cfs.age" "cfs.makeup" "trait.factor01" "trait.factor02" "trait.factor03" "trait.factor04" "trait.factor05"
"1" -0.0225585456632126 0 -0.00623343699460409 0 0.0173757820290234 0 0 0 0.068166871865375
"2" 0 -0.888118428693882 -0.231971044150769 0.0890038992651266 -0.00246745730607565 -1.95368512880106e-17 0.0963211864209968 0 0.0435845543211124
"3" 0 0 -0.0278085933774151 -0.0118433757112285 0.0409646830949735 0 -0.0145500396034933 0 0.0162686864923908
"4" 0.140379269139505 0.272619468617092 -0.0916579154099629 -0.0299254864955881 -0.0752274843268174 0 0.0603247013993417 0 -0.0464533506015932
"5" 0.247906385136023 0.382672465292004 0 -0.0533182044638235 0.0234067068166189 0.00636105187606669 0.0465267201511631 0 -0.0661845101139065
"6" 0 -0.0777253044611139 0 0.0201992691897712 0 -0.0256301683787761 0 0 0
"7" 0 -0.267324987293774 0.0395219083979579 0.049186504212561 0 -0.0243846995829735 0.0164189044126501 0 0.0494956384977425
"8" 0 0 0.0903810644874969 0 0 0 0.0202967624024185 0 -0.0402337762527873
"9" 0.451246373857738 0.115720153182735 0 0 0.0493793738156897 0.021809210124329 -0.0376530843595132 0 -0.0591363067834592
"10" 0 0 0.0587108611696842 0 0.0207199907853286 0 0.0230262372279902 0 -0.0453999923776247
"11" 0 0.0271936244849262 0.0651098392163215 -0.000737039924971815 0 0 0.00208795914287822 0 -0.0188171155234868
"12" 0.252006720971778 0.00536832639030319 0 0 0 0 0.011246166401965 0 -0.0315683401880845
"13" 0 0 -0.0325583170671809 0 0.0921661590568891 -0.0829546427168563 0.0300918277099858 0 0
"14" 0 0 -0.0539369117201305 0.0190723603211507 -0.0533187625722105 0 -0.0440868695899251 0 0.0324807905178399
"15" 0 0 -0.0325139482606612 -0.000923517358790406 0.0302058217612818 0 0.00320678412248731 0 0
"16" -0.0809657561598436 -0.0688310796141962 -0.147796526503407 0.00636283278722232 -0.0496812429685942 0 -0.00979559662516159 0 0.0673780018019329
"17" 0 0 -0.0562475205610572 0 0 -0.0222201035029017 0.013191305700196 0 0.0094431354678878
"18" 0 0 0.104708948080891 0.0160485096722436 -0.0444442738979792 0 -0.0497050427955276 0 0
"19" 0 0 0.0989409008197476 0 0 0.0379575216564154 -0.00861166678490954 0 0
"20" 0.167430344798895 0 -0.0386345697261876 0 0 0 0.0494772975115678 0 -0.0307167052925117
"21" 0 -0.240208763741826 0.0858065055499794 0.0258824230585133 0 1.16912318171088e-17 -0.00253044962756366 0 0.0252250725075002
"22" 0 0 0.00462047840000872 0 -0.0012730542241954 1.04957332519592e-17 0 0 0.00959420488505794
"23" 0.263890133126241 0 0 0 0.0474472770436035 -0.0111987740758123 0.0162425653386726 0 -0.0224764598821395
"24" 0.0187225194916546 0 0 0 -0.0216565624305183 0 -0.0362567727632461 0 -0.0136192646294273
"25" 0 0 0 0 0.0434484272520185 0.0101349861032877 0.0416136110215233 0 0
"26" 0 0 0 0 0.0140330718730103 0 0 0 0
"27" 0 0 -0.00617870415335921 0 -0.0163397867639953 0 -0.030588298497076 0 0
"28" 0.0824229048852956 0 0.0340010074974353 0 0.0146123481339416 0.000540125776955327 0.0101285928097372 0 -0.0292796060326362
"29" 0 0.013762600579166 0 -0.0157263859289031 0 0 0 0 0
"30" -0.213082119811181 0 -0.0598863378374861 0 0 -0.0628165076587084 0 0 0
"31" 0 0 0 -0.00232213218679117 0 0 -0.0437734389045482 0 0.00913647648363759
"32" 0 0 0 0 0 0 0 0 -0.0453781327488509
"33" 0.166511692940405 0 0.0270751169617688 0 0 0 0 0 -0.0164886941647563
"34" 0 0 0 0 0.0263074592343569 0 0 0 0
"35" 0 0 0 0 0.0112525030856741 -0.0198831980148589 -0.00316327481669822 0 0
"36" 0 0 -0.0808308037317104 0 -0.0715208788345011 -0.0180186057755668 0.00508528384407122 0 0.0170559105484414
"37" -0.16096528703779 0 -0.0477741093539127 0 -0.00885702278743979 0 0.0161773773551004 0 0
"38" 0 0 0.019712831044936 -0.0020669669931264 0 0 -0.0190073511668094 0 -0.0146372970373953
"39" 0 -0.00188675225463425 0 0 0 0 -0.00367866859195801 0 0
"40" 0 0 0 0.0011935940418556 0 0.0240606294060184 0.00882540687095673 0 0
"41" 0.0914186545137277 0 0.0187186611621989 0.00505551341871184 -0.0134551522681193 0 0.0122914137322573 0 0
"42" 0 0.0385210375590922 -0.00408587040207134 -0.00610896502177941 0.0150255988032512 -0.00658644315632311 0.0490680192689975 0 0
"43" 0 0 0.000116600078332798 0 -0.0137889476851159 0 -0.00191891107806007 0 0.0150618440185873
"44" 0 0 0 0 0.0050022001105132 0 -0.0110899546723925 0 -0.0311834960085782
"45" 0.407359762794198 0 -0.0140960528070467 0 0 9.99374389920606e-18 0 0 0.012264316007641
"46" 0.207505373732895 0.0664785463097238 0 0 0 0.0332607492911617 0 0 0
"47" 0 0 -0.0195763068756844 0 0 0 0.0205341809324309 0 0
"48" 0 -0.0299778573903403 0 0 -0.0256003939973469 0.00901667245364592 0.0120906235078372 0 0.00468026697136949
"49" 0 0 0 0 0 0 0.0213931017404431 0 0
"50" 0 0 0.0234496453362795 0 0 0.0132502155292946 0.0176372436582693 0 0
"51" -0.0827549906923062 0.0035286602855114 0 0 0 -0.0108077382115646 -0.0346700633115868 0 0
"52" 0 0 0 0 0 0 -0.0321469622705617 0 0
"53" 0 0 0.0408455263077684 0.0132418811496281 -0.0198459741998185 0 -0.0119486880061548 0 0
"54" 0 0 0.00560836754843112 0.000691381100399535 0 0 0.0186912511135 0 -0.000208478984251442
"55" 0 0 0 0 0 -0.0101775788172655 0.0365987894430998 0 -0.000736387315723085
"56" 0 0 0.00173112054559014 -0.00316867242394627 0 0.00269532084150692 0.0243081635759737 0 0
"57" 0 0 0.00202184453886706 0 0 0.00389447146042842 -0.03745982581455 0 -0.00934664411276084
"58" 0 0 0 -0.00210963618244787 0 0 -0.00889439351388837 0 0
"59" 0 0 0 0 0 0 -0.0230537399790028 0 0
"60" 0 0 0 0 -0.0232261778264324 0 0.0299543941409613 0 -0.011194715041321
"61" -0.0790172482565125 0 0 0 0 0 0 0 0
"62" 0 0 0.0283057169271831 0.0112529824419524 -0.0141173635352454 0 0.0300128881616471 0 0
"63" 0 0 0 0 0 0 -0.00794371566282599 0 -0.00931601520644793
"64" 0 0 0 0 0 -0.0219988093565281 -0.00669366512853308 0 0
"65" 0 0 0 0 0 0 -0.00533453411609353 0 0
